start=1398.903000
speed=1.000000
volume=98.000000
